0 24 229 55 66 185 149 19 144 257 95 280 243 33 
24 0 205 65 141 88 120 288 179 257 250 18 252 279 
229 205 0 64 255 125 27 205 236 66 192 121 31 232 
55 65 64 0 122 72 134 231 101 28 284 272 70 239 
66 141 255 122 0 93 164 6 11 246 203 32 117 56 
185 88 125 72 93 0 252 244 124 95 203 52 199 250 
149 120 27 134 164 252 0 1 183 61 222 207 286 192 
19 288 205 231 6 244 1 0 287 129 239 120 28 221 
144 179 236 101 11 124 183 287 0 150 254 218 198 212 
257 257 66 28 246 95 61 129 150 0 68 110 9 235 
95 250 192 284 203 203 222 239 254 68 0 202 179 278 
280 18 121 272 32 52 207 120 218 110 202 0 155 32 
243 252 31 70 117 199 286 28 198 9 179 155 0 182 
33 279 232 239 56 250 192 221 212 235 278 32 182 0 
